100.000000      0.0000000       100.000000    
100.000000      0.0000000       200.000000    
100.000000      0.0000000       300.000000    
100.000000      0.0000000       400.000000    
100.000000      0.0000000       500.000000    
100.000000      0.0000000       600.000000    
600.000000      0.0000000       100.000000    
600.000000      0.0000000       200.000000    
600.000000      0.0000000       300.000000    
600.000000      0.0000000       400.000000    
600.000000      0.0000000       500.000000    
600.000000      0.0000000       600.000000    
